"Status","Start Time","Stop Time","Duration in ms","Parent Suite","Suite","Sub Suite","Test Class","Test Method","Name","Description"
"passed","Sun Aug 07 09:59:53 GMT 2022","Sun Aug 07 09:59:53 GMT 2022","263","","","","","","Get Tourist by Id",""
"passed","Sun Aug 07 09:59:52 GMT 2022","Sun Aug 07 09:59:52 GMT 2022","386","","","","","","get all tourist inexist data",""
"passed","Sun Aug 07 09:59:52 GMT 2022","Sun Aug 07 09:59:53 GMT 2022","299","","","","","","Post Tourist",""
"passed","Sun Aug 07 09:59:51 GMT 2022","Sun Aug 07 09:59:52 GMT 2022","678","","","","","","get all tourist",""
"passed","Sun Aug 07 09:59:53 GMT 2022","Sun Aug 07 09:59:53 GMT 2022","266","","","","","","Delete Tourist",""
